767
5
606
769
793
641
269
696
386
152
641
145
94
726
277
188
990
850
219
641
906
316
455
133
47
396
507
641
1
220
292
86
906
65
605
686
556
366
324
871
827
361
874
241
63
754
814
747
705
281
212
801
35
959
9
824
125
216
650
77
109
48
782
195
142
572
218
603
941
890
844
305
64
931
258
276
967
879
811
206
952
634
790
757
190
134
305
426
601
297
109
136
268
641
593
639
163
421
19
681
123
181
262
428
79
797
17
842
759
669
988
525
740
541
177
191
826
200
616
81
932
462
906
242
791
647
667
170
64
516
418
584
303
832
155
633
568
671
903
498
951
621
585
784
716
714
501
517
655
517
892
54
214
311
131
91
85
642
701
734
581
842
958
479
168
130
617
592
564
809
572
309
6
390
987
950
937
642
418
352
647
302
839
32
486
525
703
882
511
667
71
553
92
158
710
272
967
523
194
400
275
548
976
75
485
97
560
113
634
892
184
888
792
2
72
753
357
95
837
16
757
153
906
45
146
72
116
833
740
692
877
507
548
535
667
332
435
788
658
711
912
577
191
981
874
225
190
71
915
789
423
934
230
228
476
208
170
968
447
307
478
939
873
711
639
658
262
887
161
905
543
537
515
120
824
758
702
276
547
267
351
688
108
273
434
949
575
395
225
543
39
574
38
35
840
933
446
190
743
518
758
120
1
270
362
489
137
620
340
850
638
205
497
951
676
948
58
299
442
845
322
36
364
250
227
905
185
517
503
178
160
735
883
727
726
480
246
196
715
400
875
875
943
333
362
514
439
606
886
190
764
920
571
1000
422
687
414
175
228
319
290
214
159
787
144
488
632
317
134
834
279
968
187
903
926
291
594
625
613
862
957
231
447
98
492
298
813
740
223
628
273
154
624
203
222
730
708
858
382
287
99
306
844
932
414
719
731
998
480
845
478
605
800
653
378
444
783
106
273
770
301
745
72
656
264
592
659
515
304
686
320
316
924
756
25
870
481
498
254
567
485
45
842
691
503
456
589
910
241
376
66
337
856
165
129
111
843
141
848
904
611
515
238
917
730
480
40
860
575
113
535
695
408
874
185
16
177
264
167
104
613
141
56
41
49
760
860
624
633
691
300
391
638
817
911
953
581
15
400
487
902
130
134
427
530
58
284
908
190
862
578
681
744
208
707
681
136
258
666
955
617
89
822
673
112
993
333
178
644
441
984
71
694
744
60
470
699
871
977
966
935
33
806
723
429
234
548
99
92
620
161
983
580
799
824
486
626
137
408
694
800
684
506
900
208
144
767
111
242
897
241
296
596
418
745
124
562
649
473
333
454
197
642
173
553
758
313
533
187
739
326
262
264
218
277
302
492
148
928
525
56
262
349
200
612
120
812
205
215
199
444
928
14
573
158
646
137
516
593
24
900
751
192
458
429
290
905
804
849
267
432
241
748
408
171
23
680
939
567
102
101
404
483
932
587
725
435
104
644
940
336
133
125
820
326
514
326
997
366
208
608
477
613
907
798
87
181
76
591
67
90
606
340
630
520
361
13
788
187
140
721
899
814
77
709
450
496
13
164
441
469
512
888
147
793
59
328
825
146
641
322
161
374
327
691
559
242
270
157
898
804
697
728
347
828
272
597
145
223
893
22
576
852
525
530
572
971
816
632
1000
969
572
409
268
161
831
555
110
472
380
907
280
432
609
362
547
80
870
452
338
937
976
621
130
220
718
701
744
898
956
110
764
84
854
947
668
877
431
739
820
100
755
942
157
894
58
31
307
803
63
195
84
592
439
89
142
413
141
826
583
240
69
339
811
826
47
753
34
696
167
460
1000
845
355
431
681
230
349
478
980
366
242
841
903
282
113
729
732
568
504
121
170
644
404
71
919
827
447
666
965
940
895
573
274
27
180
333
628
464
906
160
997
431
536
359
12
857
648
950
28
651
560
521
48
510
560
161
407
551
782
854
757
447
822
807
347
798
966
633
239
531
505
869
334
264
113
509
554
380
578
335
239
1000
29
290
154
614
27
873
676
294
587
207
867
739
46
602
161
910
952
338
217
889
809
572
512
727
341
610
297
594
561
109
116
13
903
950
655
252
644
881
364
720
599
403
445
319
549
733
278
411
115
481
891
906
603
413
362
518
860
470
9
229
603
903
259
692
142
42
343
936
602
262
730
325
826
914
342
139
900
385
34
717
631
350
284
932
256
409
28
627
509
691
851
228
137
222
508
100
209
369
706
858
982
971
571
133
12
933
795
599
554
685
844
844
716
792
116
536
558
